0.34638,-0.114229,0.221533,-3.11357,-0.0189419,-0.0621784
0.346383,-0.0578413,0.241531,-3.05572,0.64302,-0.0697897
0.473333,0.046534,0.261548,2.38474,-2.03522,0.0754927
0.473304,0.0997582,0.261498,2.25591,-1.91816,0.277113
0.473295,-0.0682441,0.261506,-2.02772,1.90272,0.320352
0.397795,-0.178247,0.299585,-2.7655,-1.00342,-0.107424
0.381816,-0.285029,0.300181,-2.33425,-1.79838,-0.222925
0.304319,-0.32005,0.305355,-2.59899,-0.785994,-0.192482
0.45024,-0.107146,0.358008,3.05997,0.180725,-0.378256
0.320368,-0.178667,0.300008,-2.96757,-0.236389,-0.117956
0.376867,0.0454673,0.314905,2.75539,-0.12403,0.078112
0.318417,0.0468234,0.282116,2.58001,-0.223042,0.345163
0.374585,-0.101736,0.410643,2.16516,1.69733,-0.133188
0.215815,-0.273249,0.290798,-2.67201,0.422607,-0.239826
Transform_handeye: 
0.0148916 -0.999795 0.0137533 0.0973593
  0.99978 0.0146853 -0.014979 -0.028381
0.0147739 0.0139733  0.999793 0.0140541
        0         0         0         1
1
