Gravity_calibration: Mon Oct 12 11:45:49 2020
Gravity: 0.130888, 0.103949, -2.69177
Force_b: -1.1978, 2.31979, 0.276143
Gravity_calibration: Tue Oct 13 09:29:48 2020
Gravity: 0.0816012, 0.0778129, -2.69992
Force_b: -1.2505, 2.32516, 0.142017
Gravity_calibration: Tue Oct 13 09:51:43 2020
Gravity: 0.0904856, 0.0877776, -2.70155
Force_b: -1.26029, 2.31218, 0.071787
