0.00946193 -1.10406 0.0871958 3.09007 -0.0022425 -0.0892273
0.00939317 -1.04017 0.0855378 3.1138 -0.00301261 -0.0684313
0.00946781 -0.975969 0.0834875 3.07247 -0.00237488 -0.0905546
0.0095168 -0.912156 0.0811349 3.10933 -0.00434649 -0.106854
0.00956896 -0.848243 0.0785422 3.12606 -0.00540948 -0.123813
0.00960186 -0.784429 0.0763802 3.16294 -0.00768358 -0.135877
0.0130791 -0.784585 0.0754906 3.19429 -0.0100894 -0.130181
0.013111 -0.848552 0.0779792 3.18737 -0.00939689 -0.14005
0.0131877 -0.912626 0.0807098 3.20078 -0.00967752 -0.165517
0.0132936 -0.976267 0.0830037 3.12734 -0.00377975 -0.194694
0.0131874 -1.04032 0.0855922 3.13991 -0.004884 -0.161836
0.0131311 -1.10431 0.0868814 3.13824 -0.00467493 -0.143941
0.0165925 -1.1043 0.0866708 3.13644 -0.00448997 -0.13166
0.0165126 -1.04031 0.0856628 3.14021 -0.00468651 -0.10663
0.0166577 -0.975983 0.0826628 3.07287 -0.00262066 -0.149247
0.0167045 -0.912182 0.0802032 3.11194 -0.0058515 -0.165678
0.0166868 -0.848293 0.0776454 3.13427 -0.00772839 -0.161315
0.0166036 -0.784466 0.0759691 3.17014 -0.0110628 -0.136839
0.0200038 -0.784572 0.0753731 3.19248 -0.0134377 -0.106031
0.0199525 -0.848618 0.0776295 3.20221 -0.0144779 -0.0899603
0.0200115 -0.912658 0.0797521 3.20975 -0.0142109 -0.109273
0.0201509 -0.976342 0.081762 3.1446 -0.0103717 -0.15053
0.0200232 -1.04032 0.084762 3.14256 -0.0101451 -0.110066
0.0200072 -1.1043 0.0865332 3.13747 -0.00983305 -0.104834
0.023496 -1.10424 0.0862931 3.12537 -0.00912993 -0.100849
0.0233938 -1.04019 0.0857008 3.11646 -0.00822399 -0.0686408
0.0234564 -0.976022 0.0827008 3.0831 -0.00756806 -0.0871805
0.0234672 -0.91212 0.0797008 3.10268 -0.00854296 -0.0911107
0.0233721 -0.848286 0.0775457 3.13664 -0.0101026 -0.0623239
0.0233449 -0.784434 0.0753781 3.16634 -0.0112324 -0.0544583
0.0268193 -0.784528 0.0753738 3.18538 -0.011995 -0.0467553
0.0267582 -0.848623 0.0776873 3.20466 -0.0131292 -0.0276289
0.0267954 -0.912507 0.0793233 3.18113 -0.0124784 -0.0390641
0.026839 -0.976365 0.0809733 3.1525 -0.0117363 -0.0522855
0.0268089 -1.04029 0.0839733 3.13748 -0.011267 -0.0424812
0.0268608 -1.1042 0.0860423 3.12037 -0.0110158 -0.0583995
0.030402 -1.1042 0.0858431 3.11891 -0.0111165 -0.071227
0.0304206 -1.04018 0.0855078 3.11498 -0.0110411 -0.0769042
0.0303256 -0.976195 0.0825078 3.11867 -0.0108406 -0.0473616
0.0302524 -0.912078 0.0795078 3.09563 -0.0096896 -0.024255
0.0302114 -0.848248 0.0777299 3.12959 -0.0101328 -0.0118121
0.0302409 -0.784326 0.0753432 3.14512 -0.010258 -0.0212411
0.0337398 -0.784325 0.0752129 3.14512 -0.0102586 -0.020899
0.0337476 -0.848426 0.0777463 3.1652 -0.0105038 -0.0236244
0.0336226 -0.912233 0.0794674 3.12673 -0.00963354 0.015967
0.0335292 -0.976283 0.0811394 3.13654 -0.00951463 0.0452596
0.0336746 -1.04026 0.0841394 3.13129 -0.00986081 -0.000324339
0.0337957 -1.10429 0.0854454 3.13875 -0.00993618 -0.0383825
0.0374235 -1.10435 0.0849543 3.14907 -0.0100124 -0.0788442
0.0374983 -1.04032 0.0849241 3.14306 -0.00974684 -0.102246
0.0373378 -0.976354 0.0819241 3.1504 -0.0103193 -0.0518502
0.0372063 -0.912192 0.0797237 3.11848 -0.00890851 -0.0101384
0.0372353 -0.848252 0.0776414 3.13044 -0.00905413 -0.0193178
0.0372012 -0.784215 0.0750875 3.12315 -0.0088641 -0.00860187
0.0406833 -0.784188 0.0751353 3.1177 -0.00875827 -0.00298267
0.0407553 -0.84817 0.0775645 3.1139 -0.00905137 -0.025377
0.0406529 -0.912084 0.0799555 3.09685 -0.00807467 0.00654424
0.0406124 -0.976161 0.0815572 3.11238 -0.00788083 0.0191146
0.0407343 -1.04019 0.0845572 3.11823 -0.00828384 -0.0188881
0.0408883 -1.1043 0.0844497 3.13897 -0.00858921 -0.0674877
0.0445183 -1.10435 0.0838397 3.14768 -0.0087842 -0.108739
0.0445496 -1.04032 0.0841762 3.14096 -0.00841179 -0.118337
0.0445285 -0.976341 0.0815197 3.14606 -0.00873537 -0.111897
0.044483 -0.91227 0.0799339 3.13238 -0.00785231 -0.0970331
0.0445036 -0.848186 0.077191 3.11544 -0.00707885 -0.102922
0.0444258 -0.784183 0.0751469 3.11558 -0.00674641 -0.0786114
0.0478772 -0.784195 0.0751204 3.11838 -0.00667833 -0.063514
0.0479311 -0.848064 0.0769943 3.09178 -0.00619985 -0.0796063
0.0479666 -0.912064 0.0797959 3.09149 -0.00646823 -0.0906049
0.0480592 -0.976153 0.0812383 3.10827 -0.00776132 -0.120015
0.0480897 -1.04015 0.0838454 3.10747 -0.00788321 -0.129478
0.0481686 -1.1042 0.0832049 3.11677 -0.00884504 -0.15463
0.051718 -1.10421 0.0826883 3.11761 -0.00912554 -0.170216
0.0517145 -1.04021 0.0834306 3.11634 -0.00899699 -0.16904
0.0517596 -0.976272 0.0807904 3.12876 -0.0102114 -0.184013
0.0517417 -0.912221 0.0795637 3.11892 -0.00919229 -0.177756
0.0517174 -0.848092 0.0767544 3.0937 -0.00668386 -0.16873
0.0516497 -0.784104 0.0750053 3.09709 -0.00645505 -0.147779
0.0551296 -0.784104 0.0747941 3.09744 -0.0063315 -0.141522
0.0550926 -0.848027 0.0766063 3.08266 -0.00490042 -0.129409
0.055127 -0.912004 0.0792596 3.07747 -0.00491032 -0.139843
0.05516 -0.976111 0.080389 3.09837 -0.00665502 -0.151052
0.055182 -1.04013 0.0830525 3.10227 -0.00710613 -0.158103
0.055115 -1.10413 0.0826433 3.10241 -0.00666164 -0.137204
0.058476 -1.10414 0.0825604 3.10737 -0.0061924 -0.0940275
0.0584993 -1.04018 0.0826866 3.11343 -0.00659786 -0.101503
0.0585024 -0.97624 0.0800069 3.12638 -0.00729409 -0.102907
0.0585317 -0.912172 0.0788713 3.11246 -0.00668755 -0.111594
0.0584895 -0.848128 0.0763941 3.104 -0.00593612 -0.0981443
0.0585107 -0.784081 0.0746469 3.09448 -0.00561105 -0.104423
0.0620331 -0.783992 0.0744676 3.0764 -0.00486916 -0.110763
0.0619756 -0.848009 0.0762346 3.08041 -0.00453403 -0.0931084
0.0620083 -0.911976 0.07858 3.07341 -0.00454842 -0.102995
0.0620069 -0.976061 0.0797681 3.0904 -0.00544265 -0.103104
0.0620022 -1.04012 0.0824153 3.10152 -0.0060072 -0.102007
0.0618669 -1.10415 0.0827848 3.10975 -0.00573113 -0.0601193
0.0652435 -1.10424 0.0830066 3.1282 -0.00605166 -0.0218974
0.0652583 -1.04026 0.0823417 3.13249 -0.00612813 -0.0265627
0.0652986 -0.976272 0.0795755 3.13427 -0.00620189 -0.0392327
0.065336 -0.912216 0.0783215 3.12292 -0.0060669 -0.0507241
0.065304 -0.848204 0.0762158 3.12057 -0.00589535 -0.040697
0.0653942 -0.784077 0.0740248 3.09459 -0.00597659 -0.0682704
0.0689971 -0.783958 0.0743563 3.06999 -0.0062309 -0.0993683
0.0689299 -0.847992 0.0761861 3.07746 -0.00593487 -0.0788885
0.0688782 -0.912009 0.0781103 3.08121 -0.00559905 -0.0630032
0.0688979 -0.976062 0.0794305 3.09162 -0.00610129 -0.0693201
0.0688414 -1.04012 0.0822559 3.10448 -0.00624115 -0.0520703
0.0687536 -1.10424 0.0832305 3.1272 -0.00667773 -0.0250192
0.0722017 -1.10433 0.0834192 3.14609 -0.00699094 -0.00890225
0.0721721 -1.04034 0.0822927 3.14734 -0.00702611 0.00039331
0.0721753 -0.976332 0.079326 3.1465 -0.00702197 -0.000595088
0.0721825 -0.912286 0.0780297 3.13737 -0.00700348 -0.00283809
0.0721726 -0.848252 0.0762221 3.13063 -0.0069617 0.000292261
0.0723016 -0.784095 0.0732221 3.09882 -0.00774255 -0.0395778
0.0758998 -0.783955 0.0734756 3.07017 -0.00818205 -0.0693271
0.0758588 -0.847977 0.0755601 3.0748 -0.00792827 -0.0568125
0.0758232 -0.912013 0.0779693 3.08224 -0.00783098 -0.045983
0.0757688 -0.976071 0.0793158 3.0942 -0.00773538 -0.0293378
0.0757536 -1.04013 0.0822503 3.10644 -0.00786353 -0.0247793
0.0757573 -1.10426 0.0833287 3.13144 -0.00824406 -0.0262212
0.0793439 -1.10436 0.0828971 3.1517 -0.00842425 -0.0537994
0.0793632 -1.04037 0.0821305 3.15447 -0.00846812 -0.0599338
0.0793496 -0.976376 0.0792627 3.15484 -0.00850742 -0.0556662
0.0793606 -0.91233 0.0778862 3.14554 -0.00821782 -0.0589121
0.0793744 -0.848266 0.0760811 3.13266 -0.00782603 -0.0629439
0.0794287 -0.784099 0.0730811 3.09872 -0.00704524 -0.0790496
0.0829662 -0.783989 0.072987 3.07652 -0.0065021 -0.0900445
0.0829772 -0.847967 0.0749556 3.07191 -0.00640489 -0.09329
0.0829982 -0.911999 0.0776631 3.07817 -0.006921 -0.0999702
0.0829946 -0.976076 0.0792154 3.09346 -0.00769638 -0.0993495
0.0830125 -1.04016 0.0820251 3.11067 -0.0086902 -0.105491
0.0830905 -1.10428 0.0827454 3.13326 -0.0100726 -0.130876
0.0866397 -1.10438 0.0822985 3.15162 -0.0112815 -0.147374
0.0866234 -1.0404 0.0817639 3.15706 -0.011734 -0.142463
0.0865939 -0.976374 0.0790283 3.15182 -0.0113736 -0.132853
0.0866223 -0.912331 0.0773875 3.14294 -0.0107571 -0.141384
0.0866157 -0.848214 0.0757038 3.11969 -0.00901405 -0.138187
0.0865223 -0.784147 0.0727038 3.10746 -0.00758592 -0.108464
0.089898 -0.784159 0.0720407 3.11109 -0.00715676 -0.0698096
0.0899597 -0.848066 0.0750407 3.09186 -0.006924 -0.0884784
0.090018 -0.912076 0.0770558 3.09326 -0.0074349 -0.106595
0.0900125 -0.976069 0.0787631 3.09201 -0.00732095 -0.104836
0.0900119 -1.04014 0.0815104 3.10708 -0.0081483 -0.105193
0.0900134 -1.10424 0.082046 3.12645 -0.00922937 -0.106372
0.0934137 -1.10428 0.0818897 3.13516 -0.00958642 -0.0753647
0.0934051 -1.04029 0.0813819 3.13767 -0.00968205 -0.0727303
0.0934318 -0.976245 0.0785409 3.12786 -0.00935604 -0.0808325
0.093472 -0.912197 0.0766813 3.11797 -0.00908045 -0.0930823
0.0935463 -0.848094 0.0750388 3.09648 -0.00855375 -0.115503
0.0934407 -0.784128 0.0721542 3.10446 -0.00838624 -0.0829112
0.0968931 -0.784161 0.0722247 3.11149 -0.00846523 -0.0682646
0.0969951 -0.848077 0.074482 3.09371 -0.00857338 -0.0994829
0.0970176 -0.912053 0.0763428 3.08864 -0.00849648 -0.106288
0.097004 -0.976055 0.0782891 3.08913 -0.0084092 -0.102086
0.096943 -1.04009 0.0812091 3.09663 -0.0083697 -0.0833863
0.0968061 -1.10412 0.0819723 3.10361 -0.007845 -0.0410682
0.100183 -1.10413 0.0823137 3.10703 -0.00725836 -0.00284843
0.10017 -1.04015 0.08121 3.10991 -0.00720528 0.00118623
0.10022 -0.976128 0.07821 3.10576 -0.00747355 -0.0141974
0.100272 -0.9121 0.0761335 3.0999 -0.00775579 -0.0303909
0.100418 -0.848058 0.0739357 3.0907 -0.00873257 -0.0753681
0.100394 -0.784106 0.0722264 3.10041 -0.00897233 -0.0682408
0.103858 -0.784115 0.0721751 3.10255 -0.00883173 -0.0572686
0.103979 -0.848069 0.073453 3.09226 -0.00943183 -0.0945055
0.103966 -0.912057 0.0759003 3.09005 -0.00921021 -0.0902793
0.103935 -0.976038 0.0779793 3.08649 -0.00877218 -0.080738
0.103869 -1.04008 0.0809793 3.09583 -0.00869216 -0.0603418
0.103774 -1.10409 0.0824666 3.09788 -0.00810709 -0.0309688
0.107251 -1.1041 0.08254 3.10014 -0.00800245 -0.0239944
0.107227 -1.04016 0.081265 3.11244 -0.00807098 -0.0164874
0.107231 -0.976141 0.078265 3.10835 -0.00804799 -0.0177497
0.107252 -0.912116 0.0757787 3.10328 -0.00811674 -0.0243371
0.107337 -0.848076 0.0730038 3.09475 -0.00860144 -0.0503908
0.107309 -0.784063 0.0721124 3.09242 -0.00832113 -0.0416802
0.110795 -0.78405 0.0720588 3.08976 -0.00814756 -0.037386
0.110749 -0.847986 0.0730538 3.07724 -0.00742693 -0.0231857
0.110803 -0.911976 0.0755479 3.07501 -0.00794228 -0.0395833
0.110809 -0.976002 0.0776603 3.08023 -0.00811584 -0.0414794
0.110785 -1.04009 0.0806603 3.09688 -0.00834168 -0.0343813
0.110824 -1.10413 0.0824467 3.10607 -0.00873874 -0.046492
0.114363 -1.10422 0.082423 3.1225 -0.00928704 -0.0590188
0.114411 -1.04028 0.0810334 3.13511 -0.00975084 -0.0745773
0.114414 -0.976255 0.0780334 3.12999 -0.00954994 -0.075393
0.114465 -0.91217 0.0752105 3.11257 -0.00907754 -0.0907982
0.114332 -0.848099 0.0730259 3.09943 -0.0075381 -0.0490057
0.114348 -0.784091 0.0719665 3.0977 -0.00760272 -0.0540081
0.1179 -0.784083 0.0717958 3.09581 -0.00792054 -0.0701769
0.117774 -0.84799 0.0731025 3.07787 -0.00598825 -0.030836
0.117921 -0.911937 0.0749108 3.0663 -0.00747527 -0.0757422
0.117916 -0.97598 0.0774641 3.07503 -0.00777314 -0.0743179
0.117995 -1.04012 0.0804641 3.1021 -0.00934841 -0.0995953
0.117973 -1.10421 0.0821826 3.12043 -0.0102446 -0.0934031
0.121474 -1.10431 0.0819278 3.14015 -0.0112369 -0.0944859
0.121536 -1.04037 0.0804019 3.1526 -0.0117748 -0.114515
0.121484 -0.976313 0.0774019 3.14099 -0.0110439 -0.0975616
0.121566 -0.912168 0.074433 3.11108 -0.00989248 -0.122171
0.121447 -0.848107 0.0732608 3.10012 -0.0083673 -0.0846527
0.121462 -0.784096 0.0715993 3.0978 -0.00836654 -0.0892222
0.124909 -0.784075 0.071575 3.09423 -0.00780023 -0.0728354
0.124871 -0.848058 0.0733247 3.09105 -0.00737166 -0.0609148
0.124963 -0.911952 0.0740386 3.06901 -0.00768146 -0.0887935
0.124877 -0.975967 0.0770386 3.07269 -0.00692094 -0.0623836
0.124908 -1.04014 0.0800386 3.10693 -0.00824633 -0.0727375
0.124928 -1.10426 0.0816963 3.13087 -0.0092235 -0.0797411
0.128428 -1.10431 0.0816336 3.14015 -0.0096223 -0.0800102
0.12838 -1.04041 0.080037 3.16225 -0.0107274 -0.0654503
0.128306 -0.976352 0.0773993 3.15008 -0.0103789 -0.041902
0.128343 -0.912178 0.0743993 3.11508 -0.00968725 -0.0528353
0.128343 -0.848165 0.0734569 3.1125 -0.00960783 -0.052578
0.128264 -0.784121 0.0715688 3.10423 -0.00890128 -0.0279266
0.131683 -0.784071 0.0716155 3.09423 -0.00814032 -0.00286103
0.131681 -0.848099 0.0733629 3.09989 -0.008152 -0.00232589
0.131689 -0.912032 0.0736269 3.08649 -0.00816485 -0.00463761
0.131656 -0.97606 0.0766269 3.09222 -0.00794235 0.00552282
0.131641 -1.04022 0.0796269 3.12448 -0.00789421 0.0101338
0.131674 -1.1043 0.0815536 3.14111 -0.00785358 -8.33178e-05
0.135117 -1.10438 0.0816877 3.15521 -0.00801215 0.0178828
0.135171 -1.04046 0.0798021 3.17265 -0.00763127 0.000702593
0.135172 -0.976408 0.0775182 3.16165 -0.00760583 0.000441558
0.135137 -0.912287 0.0745182 3.13752 -0.00753016 0.0112848
0.13515 -0.848244 0.0733322 3.12897 -0.00758264 0.00729451
0.135088 -0.78416 0.0717232 3.11213 -0.00731891 0.0265737
0.138626 -0.784117 0.071844 3.1036 -0.00763591 0.0147508
0.138662 -0.848093 0.0733141 3.0988 -0.0078985 0.00356899
0.138621 -0.912098 0.0736616 3.09974 -0.00763361 0.0162792
0.138673 -0.976116 0.0766616 3.10342 -0.00792107 0.000166915
0.1388 -1.04021 0.0794776 3.12216 -0.00834917 -0.0395989
0.138713 -1.1043 0.0817504 3.13931 -0.00870151 -0.0125363
0.142188 -1.10436 0.0819433 3.1516 -0.00885209 -0.00469193
0.142299 -1.04039 0.0792432 3.15779 -0.0085982 -0.0396236
0.142324 -0.976363 0.0773245 3.15233 -0.00843392 -0.0474131
0.142254 -0.91233 0.0743245 3.14596 -0.0083094 -0.0254697
0.142306 -0.848241 0.0731899 3.12809 -0.00814336 -0.0413331
0.142327 -0.784171 0.071769 3.11388 -0.00790637 -0.0477877
0.14588 -0.784136 0.071574 3.10662 -0.00800562 -0.0642172
0.145872 -0.848089 0.0730958 3.09723 -0.00761987 -0.0613368
0.145799 -0.912119 0.0738187 3.1036 -0.00739565 -0.0389401
0.145834 -0.976134 0.0768187 3.10639 -0.00764535 -0.0496414
0.14585 -1.04018 0.079067 3.11574 -0.00796955 -0.0550286
0.145843 -1.10426 0.0819203 3.1313 -0.00842776 -0.0531519
0.149356 -1.1043 0.081924 3.13991 -0.00868446 -0.057248
0.149284 -1.04031 0.078987 3.14273 -0.00877905 -0.034608
0.149324 -0.976271 0.0769308 3.13387 -0.00865119 -0.0472664
0.149244 -0.91225 0.0740428 3.13002 -0.00840004 -0.0221995
0.149214 -0.84819 0.0730576 3.11812 -0.00812224 -0.0124364
0.149288 -0.784158 0.0712919 3.11146 -0.00841294 -0.0356644
0.152853 -0.784142 0.0709165 3.10796 -0.00867808 -0.0556291
0.152766 -0.848111 0.0730285 3.10219 -0.00796184 -0.0285295
0.152661 -0.912118 0.074304 3.10376 -0.00737344 0.00390471
0.152718 -0.976108 0.0767495 3.10174 -0.00772135 -0.0136044
0.152652 -1.04017 0.0790363 3.11364 -0.00754775 0.00669857
0.152684 -1.10422 0.0817726 3.12345 -0.00762778 -0.00313298
0.1562 -1.10427 0.0816325 3.13317 -0.00768767 -0.00815335
0.156158 -1.04031 0.0791586 3.1415 -0.00774161 0.00484968
0.156216 -0.976258 0.076548 3.13174 -0.00782977 -0.0132255
0.156125 -0.912212 0.0745603 3.12257 -0.00747902 0.0150411
0.156097 -0.848179 0.073234 3.1159 -0.00739758 0.0240032
0.156183 -0.78418 0.0706776 3.11604 -0.00774242 -0.00297183
0.159792 -0.784254 0.0703074 3.13066 -0.00798336 -0.0369869
0.159738 -0.848224 0.0732841 3.12489 -0.0077202 -0.0201718
0.159676 -0.912174 0.0746856 3.115 -0.00733809 -0.000720369
0.15974 -0.976157 0.0763811 3.11136 -0.00762631 -0.0204707
0.159754 -1.04024 0.0790505 3.12759 -0.00786458 -0.0251352
0.159757 -1.10428 0.0815716 3.13589 -0.00799291 -0.0262417
0.163307 -1.10429 0.0813762 3.13731 -0.00804886 -0.0419037
0.163345 -1.04034 0.078851 3.14743 -0.00825387 -0.0538957
0.163387 -0.976284 0.0761248 3.13619 -0.00796041 -0.0670474
0.16336 -0.912216 0.0748353 3.12271 -0.00739026 -0.0580667
0.163322 -0.84822 0.073328 3.12367 -0.00731048 -0.0462269
0.163388 -0.784316 0.070328 3.14244 -0.00778297 -0.0674209
0.166948 -0.784405 0.0696678 3.15982 -0.00824613 -0.0868117
0.166926 -0.848389 0.0726678 3.15671 -0.00815144 -0.079758
0.166901 -0.912302 0.0747463 3.1397 -0.00742003 -0.0714839
0.16693 -0.976249 0.0758475 3.1287 -0.00706271 -0.0802043
0.166954 -1.04031 0.0785416 3.14042 -0.00756915 -0.0882127
0.166962 -1.10427 0.0812375 3.13274 -0.00722446 -0.0903688
0.170469 -1.10418 0.0811114 3.11554 -0.00644018 -0.0920687
0.17051 -1.04022 0.0782 3.12281 -0.00691893 -0.105122
0.170498 -0.976166 0.075701 3.11156 -0.00624464 -0.101024
0.17051 -0.91214 0.0745114 3.10614 -0.00602957 -0.104596
0.170492 -0.848183 0.0731416 3.11495 -0.0064285 -0.0992072
0.170476 -0.78428 0.0701416 3.13453 -0.00742509 -0.0949589
0.173906 -0.78431 0.0694614 3.14122 -0.00773739 -0.0732071
0.17392 -0.848319 0.0724614 3.14289 -0.00780153 -0.077431
0.173936 -0.912271 0.0742872 3.13316 -0.00742483 -0.0821968
0.17391 -0.976192 0.0755024 3.11749 -0.00664215 -0.0735802
0.173991 -1.04021 0.077865 3.11986 -0.00701692 -0.0990388
0.174024 -1.10412 0.0808434 3.10123 -0.0062686 -0.108637
0.177542 -1.10406 0.0804521 3.09008 -0.00579709 -0.1141
0.177607 -1.0401 0.0774521 3.09605 -0.00662763 -0.134537
0.177545 -0.976051 0.0753833 3.08792 -0.00551071 -0.114753
0.177523 -0.912072 0.0741067 3.09243 -0.00560538 -0.108185
0.177511 -0.848121 0.0728179 3.10241 -0.00609088 -0.10491
0.177418 -0.784116 0.0698179 3.10229 -0.00548027 -0.0756907
0.180847 -0.784079 0.0695624 3.09541 -0.00469113 -0.053668
0.180879 -0.84813 0.0725624 3.10542 -0.00515875 -0.0638573
0.180875 -0.912147 0.0739958 3.10891 -0.00525505 -0.0626452
0.180838 -0.9761 0.075388 3.09976 -0.00470896 -0.0509718
0.180907 -1.04012 0.077181 3.10417 -0.00523107 -0.0724692
0.180947 -1.10406 0.080181 3.09157 -0.00507114 -0.0846593
0.184449 -1.10404 0.0800261 3.08625 -0.00485176 -0.085037
0.184439 -1.04005 0.0770261 3.0881 -0.00484726 -0.0819369
0.184351 -0.976018 0.0754301 3.08319 -0.00383286 -0.0548123
0.184336 -0.912067 0.0738959 3.09315 -0.00400537 -0.05034
0.184367 -0.848112 0.0724301 3.10196 -0.00443098 -0.0600889
0.184332 -0.784077 0.0696705 3.09504 -0.00395607 -0.049049
0.187798 -0.784077 0.0695809 3.09533 -0.00372053 -0.0386496
0.187802 -0.848095 0.0723234 3.0989 -0.00381708 -0.0397761
0.18776 -0.912155 0.0739773 3.11098 -0.0038699 -0.026774
0.187711 -0.97611 0.0754983 3.10216 -0.00343956 -0.0114656
0.187694 -1.04012 0.0768343 3.10388 -0.00335474 -0.00635261
0.187727 -1.10412 0.0798343 3.10379 -0.00354877 -0.0166407
0.191242 -1.10415 0.0796364 3.1093 -0.00367307 -0.021134
0.191164 -1.04014 0.0770455 3.1085 -0.00326396 0.00300542
0.191143 -0.976118 0.0756137 3.10379 -0.0031431 0.00950781
0.191083 -0.912206 0.0740316 3.12125 -0.0028875 0.028272
0.191072 -0.848237 0.0722852 3.12747 -0.00277995 0.0318613
0.191081 -0.784223 0.0695526 3.12469 -0.00284756 0.0288027
0.194606 -0.784214 0.0695493 3.12292 -0.00294331 0.0211499
0.194506 -0.848222 0.0725493 3.12413 -0.00266211 0.0524106
0.194443 -0.9123 0.0742848 3.13941 -0.00224904 0.0723677
0.194516 -0.976266 0.0755755 3.13295 -0.00258846 0.0492935
0.194484 -1.04023 0.0772135 3.12523 -0.0026875 0.0593167
0.194551 -1.10425 0.0795383 3.13058 -0.00265748 0.0382335
0.198096 -1.10428 0.0794558 3.13635 -0.00259089 0.0241936
0.198102 -1.04026 0.0772763 3.13145 -0.00265518 0.0223678
0.198161 -0.976256 0.0754854 3.13126 -0.00275279 0.00400828
0.198057 -0.91236 0.0745773 3.15194 -0.00290182 0.036789
0.196946 -0.848422 0.0775773 3.14095 -0.00690384 0.391346
0.19721 -0.784383 0.0745773 3.14249 -0.0078058 0.305572
0.200942 -0.784337 0.0715773 3.13953 -0.00899276 0.230712
0.199895 -0.84833 0.0745773 3.09559 -0.0100397 0.569201
0.200158 -0.912424 0.0745847 3.12823 -0.00376721 0.485427
0.200501 -0.976404 0.0752185 3.13924 -0.0037381 0.373194
0.200717 -1.04037 0.0772088 3.14 -0.004559 0.302937
0.200925 -1.10437 0.0793402 3.1452 -0.00422755 0.236612
0.20462 -1.10435 0.0791614 3.14616 -0.00430421 0.174574
0.204767 -1.04033 0.0773258 3.14334 -0.00464283 0.127952
0.204858 -0.976327 0.0752732 3.14409 -0.00460427 0.0992442
0.204849 -0.912446 0.07515 3.16772 -0.00349126 0.102898
0.203729 -0.848377 0.07815 3.12241 -0.00680581 0.460843
0.204071 -0.784325 0.07515 3.12634 -0.00903284 0.349006
0.207854 -0.784298 0.07215 3.12962 -0.0100779 0.258223
0.206833 -0.848163 0.07515 3.05818 -0.00873928 0.583564
0.207145 -0.912327 0.0750228 3.10771 0.00104502 0.486477
0.207425 -0.976323 0.075111 3.11963 0.000961056 0.395722
0.20768 -1.0403 0.0772346 3.12521 0.000189399 0.31354
0.207968 -1.10429 0.0788916 3.13015 -0.000432689 0.221935
0.21174 -1.10426 0.0786834 3.12997 -0.00137009 0.135988
0.211821 -1.04022 0.077221 3.12319 -0.00210419 0.110349
0.211861 -0.976224 0.0752936 3.12348 -0.00221587 0.0977658
0.210815 -0.848079 0.0782936 3.06583 0.00401472 0.42445
0.211139 -0.78408 0.0752936 3.07893 0.00180883 0.322208
0.214917 -0.784066 0.0722936 3.08429 -0.000723843 0.234652
0.214928 -0.848173 0.0752936 3.10586 0.00175924 0.232939
0.215068 -0.976175 0.0752911 3.1093 0.00123278 0.189107
0.215206 -1.04009 0.0770611 3.09483 -0.00129266 0.145135
0.215419 -1.10411 0.0782947 3.10118 -0.00231535 0.0790447
0.219055 -1.10413 0.0780038 3.10626 -0.00289412 0.0367537
0.219184 -1.04002 0.0769363 3.08461 -0.00440126 -0.0030691
0.21922 -0.97604 0.0752249 3.08802 -0.00471092 -0.0142564
0.219521 -0.848232 0.0782249 3.1246 -0.00575812 -0.108605
0.219534 -0.784154 0.0752249 3.10877 -0.00494492 -0.112254
0.223036 -0.784028 0.0737249 3.08351 -0.00351153 -0.111897
0.22351 -0.848245 0.0752249 3.1177 -0.00696742 -0.262693
0.223412 -0.976211 0.0749712 3.11344 -0.0057673 -0.231155
0.223378 -1.04008 0.0764667 3.08727 -0.00236616 -0.218641
0.223327 -1.10412 0.0775966 3.09693 -0.00301554 -0.203307
0.226743 -1.10422 0.0771541 3.11908 -0.00491817 -0.1783
0.226744 -1.04009 0.076164 3.09374 -0.00263671 -0.17715
0.226692 -0.976079 0.0748268 3.09171 -0.00200237 -0.160702
0.227254 -0.848305 0.0778268 3.1222 -0.00575884 -0.341378
0.227094 -0.784136 0.0748268 3.09384 0.00088931 -0.287508
0.230438 -0.783997 0.0733268 3.07046 0.00634778 -0.236605
0.230849 -0.848229 0.0748268 3.10394 -0.000164876 -0.370061
0.230659 -0.976167 0.0746314 3.09822 0.00298404 -0.308614
0.230528 -1.0401 0.0758039 3.08906 0.00584324 -0.266182
0.230363 -1.10426 0.0773181 3.12396 0.00199399 -0.216595
0.233726 -1.10438 0.076928 3.15095 -0.000962853 -0.174763
0.233627 -1.04025 0.0756892 3.12679 0.00146341 -0.142134
0.233574 -0.976162 0.0745351 3.11002 0.00293184 -0.124936
0.233898 -0.848253 0.0775351 3.12245 0.00124943 -0.227457
0.233728 -0.784102 0.0745351 3.09584 0.00573061 -0.172272
0.23708 -0.783997 0.0730351 3.07716 0.00889798 -0.12569
0.237254 -0.848149 0.0745351 3.10493 0.00619514 -0.181008
0.237188 -0.976075 0.0743223 3.09122 0.00798384 -0.15964
0.237066 -1.04005 0.0755747 3.08875 0.00926456 -0.121756
0.23696 -1.10422 0.0773886 3.12321 0.00759996 -0.0895074
0.240397 -1.10428 0.0774127 3.13589 0.00713152 -0.070164
0.240348 -1.04023 0.0756293 3.12615 0.0075763 -0.0545126
0.240344 -0.976124 0.074284 3.10447 0.00812596 -0.0532807
0.240495 -0.848219 0.077284 3.12252 0.00724835 -0.100726
0.240397 -0.784083 0.074284 3.09608 0.00923149 -0.0693848
0.243848 -0.783976 0.072784 3.07494 0.0104003 -0.054013
0.243995 -0.848115 0.074284 3.10161 0.00886177 -0.0999029
0.243752 -0.912407 0.077284 3.1615 0.00528642 -0.0249195
0.24374 -0.976258 0.074284 3.13165 0.00562325 -0.0208018
0.243717 -1.04024 0.0756461 3.12855 0.00569585 -0.0137802
0.24374 -1.10426 0.0774192 3.13251 0.00564343 -0.0209135
0.247281 -1.10424 0.0772964 3.1279 0.00559496 -0.0337946
0.24723 -1.04024 0.0756687 3.12729 0.00572046 -0.017804
0.247209 -0.976129 0.0741762 3.10603 0.00598513 -0.0111594
0.247145 -0.912425 0.0771762 3.16512 0.00551944 0.0089032
0.247307 -0.848478 0.0801762 3.17556 0.00646278 -0.042204
0.247283 -0.784289 0.0771762 3.13783 0.00718549 -0.0343095
0.250807 -0.784184 0.0756762 3.11668 0.00740113 -0.0417103
0.250899 -0.848235 0.0771762 3.1264 0.00700263 -0.07073
0.250671 -0.912357 0.0801762 3.15147 0.00583916 0.000910887
0.250682 -0.976238 0.0771762 3.12785 0.00575963 -0.00263286
0.25066 -1.04022 0.0757084 3.12368 0.00581939 0.00429167
0.250717 -1.10418 0.0770733 3.11521 0.00554863 -0.0137128
0.254273 -1.10415 0.0768759 3.1092 0.00529605 -0.0312027
0.254244 -1.04013 0.0757645 3.10646 0.005494 -0.0221239
0.254249 -0.976058 0.074151 3.09171 0.00559316 -0.0234985
0.254154 -0.912189 0.077151 3.11788 0.00568248 0.00596879
0.25419 -0.848172 0.080151 3.11455 0.00551622 -0.0051592
0.254267 -0.784122 0.077151 3.1045 0.00507974 -0.0291938
0.257837 -0.784134 0.074151 3.10659 0.00467526 -0.0508176
0.257794 -0.84809 0.077151 3.09803 0.00517006 -0.0374766
0.257755 -0.912205 0.080151 3.12114 0.00489948 -0.0254353
0.257817 -0.976131 0.077151 3.1061 0.00472283 -0.0446807
0.257796 -1.0401 0.075796 3.09927 0.005002 -0.03815
0.257875 -1.1041 0.0765348 3.09941 0.00448189 -0.062718
0.261428 -1.10413 0.0762572 3.10523 0.00400639 -0.0792055
0.26139 -1.04007 0.0757142 3.093 0.00476191 -0.067293
0.261435 -0.976032 0.0735767 3.08555 0.00461201 -0.080871
0.261468 -0.912158 0.0765767 3.11053 0.00346552 -0.0917928
0.261273 -0.848089 0.0795767 3.09787 0.00540457 -0.0309453
0.261353 -0.784151 0.0765767 3.10987 0.00484654 -0.0558731
0.264892 -0.784209 0.0735767 3.12132 0.0044155 -0.0684525
0.264684 -0.848146 0.0765767 3.10944 0.00587488 -0.0032999
0.264751 -0.912267 0.0795767 3.13357 0.00579632 -0.0243427
0.26478 -1.04016 0.0765767 3.11178 0.00588124 -0.0333907
0.264851 -1.10423 0.0759874 3.12597 0.00549721 -0.0556922
0.268404 -1.10433 0.0757872 3.14453 0.00503157 -0.072689
0.268427 -1.04021 0.0754482 3.12189 0.00574074 -0.0791427
0.268501 -0.912322 0.0784482 3.14302 0.00494624 -0.103066
0.268205 -0.848254 0.0814482 3.13102 0.00612333 -0.010056
0.268199 -0.78428 0.0784482 3.13607 0.00611361 -0.00795122
0.271693 -0.784246 0.0754482 3.1294 0.00613724 -0.00625303
0.27146 -0.848294 0.0784482 3.13808 0.00623041 0.0669653
0.272269 -0.912386 0.0814482 3.15205 0.00900619 -0.188493
0.272224 -1.04029 0.0784482 3.13408 0.010741 -0.173042
0.272168 -1.10436 0.0755176 3.14808 0.00955795 -0.156034
0.275605 -1.10442 0.0753494 3.16116 0.0084173 -0.136586
0.275565 -1.04034 0.0751507 3.14524 0.00945513 -0.123181
0.275184 -0.848367 0.0781507 3.15354 0.00840881 -0.00319766
0.275148 -0.78428 0.0751507 3.13604 0.00841977 0.0077941
0.278589 -0.784161 0.0736247 3.11215 0.00853256 0.0261375
0.278603 -1.04019 0.0750466 3.11722 0.00855872 0.0217573
0.278632 -1.10428 0.0752766 3.1355 0.00878078 0.0129568
0.282128 -1.10435 0.0752877 3.14999 0.00891013 0.0142258
0.282121 -1.04036 0.0750538 3.15289 0.00892533 0.0166474
0.282078 -0.784235 0.0720538 3.12702 0.00873316 0.0296994
0.285548 -0.784113 0.0705538 3.10232 0.00848111 0.0387311
0.285809 -0.976151 0.0720538 3.11017 0.00739874 -0.0422539
0.285784 -1.04021 0.074969 3.12127 0.00726959 -0.0346532
0.285737 -1.10431 0.0752466 3.14152 0.00696533 -0.01999
0.289207 -1.1044 0.0752685 3.16045 0.00672761 -0.0106683
0.289286 -1.04039 0.0746974 3.15826 0.0069445 -0.0355959
0.289406 -0.976392 0.0733689 3.15773 0.00726321 -0.0733616
0.289341 -0.784228 0.0703689 3.12547 0.00853289 -0.0523079
0.292802 -0.784083 0.0688689 3.09653 0.0094686 -0.0401477
0.292897 -0.976138 0.0703689 3.10709 0.00878075 -0.0697971
0.293001 -1.04018 0.0733689 3.11481 0.00809669 -0.102259
0.292969 -1.10426 0.0752569 3.13061 0.00739036 -0.0925223
0.296446 -1.10427 0.0750234 3.13285 0.0073274 -0.0855977
0.296566 -1.04029 0.0738944 3.13686 0.0070692 -0.123213
0.296604 -0.976303 0.0724428 3.13805 0.0069642 -0.135325
0.296515 -0.784167 0.0694428 3.11196 0.00911394 -0.10663
0.299993 -0.78411 0.0671453 3.10081 0.00982296 -0.0992878
0.300009 -0.976135 0.0701453 3.10564 0.00950018 -0.104647
0.300093 -1.04019 0.0731453 3.11595 0.00864165 -0.130973
0.300073 -1.10413 0.0744522 3.10343 0.00954923 -0.12437
0.303564 -1.10397 0.0747932 3.07216 0.011463 -0.120815
0.303549 -1.04007 0.0730135 3.09232 0.0104369 -0.116663
0.303476 -0.976072 0.0719672 3.09331 0.010959 -0.0940013
0.30349 -0.784085 0.0689672 3.09574 0.0107523 -0.0983544
0.306996 -0.78413 0.0667282 3.10469 0.0103065 -0.100453
0.306909 -0.976111 0.0697282 3.10164 0.0110125 -0.0735085
0.306885 -1.04018 0.0727282 3.11536 0.0106588 -0.0661143
0.306907 -1.10402 0.0740836 3.08316 0.0113972 -0.0723153
0.31042 -1.10386 0.0744378 3.05065 0.012241 -0.0758884
0.310335 -1.03997 0.0730033 3.07403 0.012343 -0.0501539
0.310256 -0.975974 0.0719897 3.07481 0.01315 -0.0257139
0.310357 -0.847752 0.070446 3.02992 0.0117837 -0.0565222
0.310363 -0.78388 0.067446 3.05561 0.0110859 -0.0584373
0.313864 -0.783964 0.0663743 3.07245 0.0106472 -0.0588625
0.313993 -0.847722 0.0693743 3.02289 0.00954727 -0.0977438
0.31388 -0.975761 0.0720959 3.03151 0.0110884 -0.0634608
0.313802 -1.03989 0.0730166 3.05749 0.0113782 -0.0397718
0.313841 -1.10378 0.0742223 3.03634 0.0110824 -0.0515386
0.317413 -1.10375 0.0739977 3.02874 0.0100039 -0.0734637
0.317375 -1.03988 0.0731601 3.0552 0.00963518 -0.0620249
0.317337 -0.975861 0.0721191 3.05197 0.0102383 -0.0506068
0.317404 -0.847704 0.0693599 3.01996 0.00967956 -0.0706457
0.317405 -0.783777 0.0663599 3.03468 0.00919481 -0.0711218
0.320889 -0.783796 0.0661544 3.03848 0.00933681 -0.066093
0.321026 -0.847622 0.0687595 3.00227 0.0075068 -0.106983
0.321004 -0.975675 0.0717595 3.01323 0.00738891 -0.100534
0.321014 -1.03981 0.0728855 3.04084 0.00590347 -0.104315
0.321057 -1.10379 0.0735298 3.03512 0.00549254 -0.117055
0.324612 -1.10381 0.0731587 3.03903 0.00438552 -0.134137
0.324642 -1.03992 0.0725938 3.05981 0.00262804 -0.144023
0.324659 -0.975913 0.0717452 3.059 0.0024624 -0.149196
0.324732 -0.847769 0.0687452 3.0289 0.003369 -0.170275
0.324701 -0.78372 0.0660133 3.01951 0.00473504 -0.16071
0.328142 -0.783644 0.0657722 3.00525 0.00710283 -0.14235
0.328221 -0.847579 0.0677265 2.99089 0.00626484 -0.165502
0.328241 -0.975664 0.0707265 3.00768 0.00447969 -0.172392
0.328221 -1.0398 0.072177 3.03583 0.00242872 -0.167322
0.328186 -1.10384 0.0728862 3.04461 0.00224658 -0.15697
0.331601 -1.10389 0.0726932 3.05542 0.00258963 -0.131315
0.331568 -1.04 0.0718993 3.07715 0.00151652 -0.121888
0.331569 -0.976004 0.0712116 3.07854 0.00142215 -0.122241
0.331394 -0.911999 0.0682116 3.07915 0.00315639 -0.0681626
0.331392 -0.847893 0.0675898 3.058 0.00387831 -0.0670707
0.331416 -0.783779 0.0656501 3.03479 0.004225 -0.0739671
0.33492 -0.78369 0.0654894 3.01698 0.00476097 -0.0750719
0.334802 -0.847699 0.0675302 3.01941 0.00687128 -0.0395372
0.334763 -0.911772 0.0670754 3.03418 0.0072586 -0.0277076
0.334714 -0.975836 0.0700754 3.04728 0.00782081 -0.0127274
0.334619 -1.03997 0.0719283 3.07398 0.00870895 0.0165193
0.334587 -1.10402 0.0726807 3.08418 0.00910068 0.0262725
0.338023 -1.10406 0.0728699 3.09082 0.00971369 0.0462614
0.337937 -1.04012 0.0721554 3.10372 0.0105646 0.0733882
0.33788 -0.97611 0.0713479 3.10063 0.0108062 0.0908835
0.337975 -0.9122 0.0683479 3.11929 0.0113719 0.0618953
0.337929 -0.848134 0.0677357 3.1058 0.0111612 0.0756953
0.33796 -0.78401 0.0654587 3.08123 0.00985353 0.0655253
0.341455 -0.783935 0.0654407 3.06621 0.00937131 0.0667011
0.341418 -0.847988 0.0680213 3.07647 0.0101254 0.0784623
0.341432 -0.912062 0.0673821 3.09138 0.0106538 0.074594
0.34135 -0.976093 0.0703821 3.0969 0.0114518 0.100065
0.341296 -1.04017 0.0724956 3.1114 0.0125036 0.117584
0.341226 -1.10417 0.0732804 3.11117 0.012841 0.139473
0.344631 -1.10419 0.0737687 3.1138 0.0134858 0.16941
0.344733 -1.04021 0.0726157 3.11966 0.0135741 0.137584
0.344789 -0.976238 0.0716723 3.12505 0.0137945 0.120192
0.344805 -0.912291 0.0686723 3.13589 0.0144768 0.115614
0.344861 -0.848357 0.0681488 3.14967 0.015392 0.0985025
0.344923 -0.784233 0.065457 3.12545 0.0139114 0.0781611
0.348544 -0.784167 0.0654639 3.11313 0.0128195 0.0401846
0.348563 -0.848321 0.0681578 3.1441 0.0135792 0.0346925
0.348495 -0.912369 0.0678239 3.15318 0.0136522 0.0562291
0.34861 -0.976371 0.0708239 3.15412 0.0139006 0.0200633
0.348699 -1.04036 0.0726532 3.15134 0.013998 -0.00794642
0.348481 -1.10439 0.0743512 3.15744 0.0134374 0.0609624
0.351824 -1.10445 0.0749714 3.16697 0.013132 0.111008
0.351999 -1.04041 0.0723793 3.16243 0.013376 0.0554748
0.352207 -0.976432 0.071387 3.16645 0.0143201 -0.0104995
0.352094 -0.912455 0.068387 3.17086 0.0137901 0.0254032
0.352107 -0.848563 0.0681517 3.19259 0.0142599 0.0216941
0.352205 -0.784443 0.0652227 3.16872 0.0143214 -0.00985038
0.355746 -0.784409 0.0651015 3.16183 0.0144568 -0.0228876
0.355744 -0.848556 0.0681011 3.19141 0.0142221 -0.0220999
0.355666 -0.91254 0.0681406 3.18809 0.0136661 0.0028276
0.355853 -0.976541 0.0708272 3.18808 0.0150765 -0.0569028
0.355895 -1.04049 0.0721464 3.17796 0.0155556 -0.0700452
0.355741 -1.10458 0.0751464 3.19574 0.013708 -0.0212244
0.359233 -1.10463 0.0754541 3.20604 0.0135573 -0.01866
0.359242 -1.04058 0.0724541 3.1966 0.0136896 -0.0216804
0.359358 -0.976571 0.0702963 3.19391 0.0146842 -0.0587246
0.359307 -0.912552 0.0683427 3.19037 0.0143808 -0.0424114
0.359299 -0.848655 0.0679526 3.211 0.0139376 -0.0399686
0.359264 -0.784575 0.0650384 3.19511 0.0138865 -0.0286009
0.362714 -0.78451 0.0649706 3.18224 0.0136945 -0.012726
0.362752 -0.848564 0.0678405 3.19298 0.0139834 -0.0248804
0.362733 -0.912545 0.0683972 3.18918 0.0138663 -0.0186284
0.362734 -0.976525 0.0699252 3.1851 0.0138959 -0.0190412
0.362681 -1.04048 0.0720864 3.17525 0.0136664 -0.00232467
0.36276 -1.10451 0.0750864 3.18284 0.0142077 -0.0273074
0.366386 -1.1045 0.0748942 3.18049 0.0150161 -0.0672751
0.366194 -1.04047 0.0724706 3.17389 0.0142535 -0.0063941
0.366174 -0.976456 0.0699094 3.17127 0.0141555 -1.63277e-05
0.366181 -0.912472 0.0683579 3.1745 0.0142035 -0.00205481
0.366267 -0.848482 0.0674433 3.17649 0.0146928 -0.0295139
0.366152 -0.784435 0.065219 3.16707 0.0143268 0.0069859
0.369577 -0.784367 0.0653938 3.15328 0.0140767 0.0306245
0.369709 -0.8483 0.0672106 3.14015 0.0137887 -0.0112191
0.369728 -0.912378 0.0681919 3.15581 0.0138101 -0.0171338
0.369637 -0.976398 0.0700994 3.15966 0.013535 0.011572
0.369409 -1.04035 0.073054 3.14813 0.0131568 0.0832844
0.369637 -1.10434 0.0744989 3.14751 0.0133035 0.0116319
0.373276 -1.10431 0.0740528 3.14206 0.0132668 -0.0323662
0.372952 -1.0402 0.0739439 3.11821 0.0146953 0.0690545
0.372911 -0.976266 0.0709439 3.13206 0.0153061 0.0823224
0.373022 -0.912362 0.0680755 3.15204 0.0163934 0.0477037
0.373162 -0.848158 0.0669788 3.11173 0.0145671 0.00318754
0.373103 -0.784121 0.0656402 3.10412 0.0148618 0.0214871
0.376576 -0.784081 0.0658591 3.0961 0.0149277 0.029801
0.376638 -0.847912 0.066775 3.0624 0.0135062 0.0103815
0.376733 -0.912068 0.0678194 3.09362 0.0131073 -0.0186734
0.376668 -0.97617 0.070391 3.11415 0.0132789 0.00148152
0.376398 -1.04007 0.073391 3.09318 0.0151565 0.0850324
0.376559 -1.10405 0.0735882 3.08893 0.013606 0.0349232
0.380077 -1.10408 0.073591 3.09616 0.013641 0.0295981
0.379905 -1.03996 0.0756749 3.07084 0.0150117 0.082144
0.379995 -0.976097 0.0726749 3.09886 0.0156972 0.0550751
0.380107 -0.91219 0.0696749 3.11805 0.0159074 0.0206028
0.380127 -0.847959 0.066727 3.0718 0.0149644 0.0137444
0.380137 -0.783944 0.0659314 3.06876 0.0148146 0.0106018
0.383674 -0.783926 0.0658753 3.06526 0.0143465 -0.000749178
0.383656 -0.847794 0.066588 3.03867 0.0144985 0.00448433
0.383719 -0.911926 0.0674653 3.06529 0.0139525 -0.0146537
0.383823 -0.976106 0.0702132 3.10118 0.0132078 -0.0466199
0.383722 -1.04 0.0732132 3.07957 0.014577 -0.0155195
0.383586 -1.10409 0.0738276 3.09708 0.0154628 0.0267019
0.386959 -1.10422 0.0746155 3.12266 0.0163059 0.0668519
0.387036 -1.04012 0.0762603 3.10366 0.0151072 0.0423513
0.387184 -0.976253 0.0732603 3.13063 0.0155575 -0.00333014
0.387188 -0.912266 0.0702603 3.13327 0.0155614 -0.00448044
0.387166 -0.848107 0.0672603 3.10156 0.0155959 0.00183525
0.387202 -0.784058 0.0657868 3.09175 0.0152628 -0.00920055
0.390748 -0.784042 0.0656292 3.08853 0.0148817 -0.0235412
0.390781 -0.848011 0.0666933 3.08211 0.0146268 -0.0335605
0.390724 -0.912065 0.0673599 3.0931 0.0149227 -0.0160599
0.390728 -0.976188 0.0698301 3.11764 0.0148295 -0.0170834
0.39088 -1.04009 0.0728301 3.09679 0.0138617 -0.0642215
0.390741 -1.10426 0.0745985 3.13172 0.013115 -0.021238
0.394154 -1.10441 0.0749368 3.16275 0.0126178 0.00620225
0.394377 -1.04027 0.0754042 3.13414 0.0121842 -0.063901
0.394258 -0.976343 0.0724042 3.14865 0.0116582 -0.0265749
0.394205 -0.912338 0.0694042 3.14778 0.0116161 -0.00983486
0.394245 -0.848282 0.0664176 3.1365 0.0115975 -0.022525
0.394291 -0.784259 0.0654871 3.13183 0.0115625 -0.0369505
0.397824 -0.78425 0.0652776 3.12996 0.0115307 -0.0470684
0.397858 -0.848223 0.0661783 3.12423 0.0115482 -0.0579231
0.397798 -0.912262 0.0675971 3.1324 0.0114349 -0.0390244
0.397605 -0.976324 0.0703734 3.14471 0.0111479 0.0216414
0.397857 -1.04027 0.0733734 3.13306 0.0106765 -0.0575276
0.397769 -1.10444 0.0751458 3.16806 0.00941487 -0.0302769
0.401195 -1.1046 0.0749535 3.19925 0.00834335 -0.00674357
0.401359 -1.04052 0.0740198 3.1833 0.00945874 -0.0589183
0.401174 -0.976464 0.0710198 3.17292 0.00883205 -5.90005e-05
0.401155 -0.9125 0.0680198 3.18004 0.00873146 0.00618524
0.401232 -0.848423 0.066002 3.16475 0.00892844 -0.0184639
0.401289 -0.784404 0.0650438 3.16076 0.00912832 -0.036547
0.404855 -0.784388 0.064802 3.15733 0.00934435 -0.0572391
0.404854 -0.848302 0.0659424 3.14005 0.00978474 -0.0566688
0.404847 -0.912371 0.0676225 3.15392 0.00942055 -0.0548591
0.404792 -0.976293 0.0706225 3.13851 0.00982672 -0.0371191
0.40493 -1.04033 0.0734514 3.14571 0.00981409 -0.08063
0.404843 -1.10451 0.0754645 3.18102 0.00795407 -0.0538801
0.408317 -1.10463 0.0747867 3.20547 0.00708678 -0.0459996
0.408499 -1.04064 0.0727737 3.20761 0.00898476 -0.104246
0.408547 -0.976494 0.0709503 3.17701 0.01074 -0.118614
0.408503 -0.912574 0.0679503 3.1935 0.00946475 -0.105247
0.408401 -0.848419 0.0658951 3.16324 0.0106363 -0.0719419
0.40843 -0.784382 0.0645827 3.15576 0.0109417 -0.0809638
0.41193 -0.784342 0.0643724 3.14774 0.0112381 -0.0808542
0.411787 -0.848218 0.0661688 3.12367 0.0125461 -0.0356875
0.411757 -0.912386 0.0675219 3.15727 0.0119961 -0.0263051
0.411935 -0.976274 0.0705219 3.13407 0.0120207 -0.0821772
0.412145 -1.04041 0.0718182 3.15832 0.0116819 -0.149059
0.412073 -1.10453 0.0748182 3.18357 0.0094344 -0.127141
0.415554 -1.10458 0.0753502 3.19427 0.00862896 -0.121455
0.415738 -1.04067 0.0723502 3.20975 0.00973779 -0.181678
0.415847 -0.976511 0.0698553 3.17582 0.0132213 -0.214658
0.415668 -0.912616 0.0676157 3.19989 0.00928007 -0.158568
0.415436 -0.848399 0.0665372 3.15908 0.0118983 -0.0827525
0.415409 -0.784339 0.0642186 3.14725 0.0123221 -0.0740244
0.418887 -0.784293 0.0640868 3.13818 0.0126359 -0.0671067
0.41873 -0.848161 0.0669392 3.11228 0.0141269 -0.0179691
0.418653 -0.912323 0.0676904 3.14475 0.0139376 0.0065251
0.418757 -0.976304 0.0695909 3.14085 0.0138995 -0.0261886
0.418968 -1.04047 0.0701082 3.17219 0.0146806 -0.0933858
0.418956 -1.10453 0.0731082 3.18486 0.0140584 -0.0896523
0.422435 -1.10456 0.0750227 3.19048 0.013673 -0.0831984
0.422586 -1.04063 0.0720227 3.20388 0.0146801 -0.132026
0.422526 -0.976638 0.0694174 3.20623 0.0139407 -0.112784
0.422399 -0.91265 0.0678024 3.20947 0.0124398 -0.0721405
0.42227 -0.848484 0.0672527 3.17685 0.0127743 -0.0303821
0.422251 -0.784421 0.0642527 3.16423 0.0128486 -0.0244463
0.425762 -0.784395 0.0639889 3.15914 0.0129196 -0.0277959
0.425677 -0.848309 0.0669889 3.14189 0.0130848 -0.00111482
0.425676 -0.912349 0.067943 3.1499 0.013112 -0.00076631
0.4256 -0.976496 0.069316 3.17925 0.0127604 0.0236027
0.425721 -1.04051 0.0689368 3.18118 0.0135584 -0.0150178
0.425749 -1.10449 0.0719368 3.17855 0.01373 -0.023813
0.429326 -1.10446 0.0745723 3.17148 0.0141487 -0.0480558
0.429298 -1.04045 0.0715723 3.17035 0.0140483 -0.0393968
0.429215 -0.976625 0.0693201 3.20525 0.0126524 -0.0129617
0.429239 -0.912565 0.0680266 3.19311 0.0128776 -0.02048
0.429114 -0.848462 0.0679432 3.1724 0.0123963 0.019099
0.429143 -0.784425 0.0649432 3.16507 0.0124074 0.00969599
0.432631 -0.784377 0.0641338 3.15541 0.0122953 0.01361
0.432539 -0.848264 0.0671338 3.13245 0.0121777 0.0419988
0.432556 -0.91226 0.0679938 3.13172 0.0121328 0.0366694
0.432587 -0.976442 0.0695395 3.16828 0.0130763 0.0274411
0.432572 -1.04038 0.0688076 3.15586 0.0128205 0.0321683
0.43272 -1.10432 0.0718076 3.1439 0.0126356 -0.0144886
0.43636 -1.10423 0.0738265 3.12508 0.0123414 -0.0585655
0.436199 -1.04012 0.0708265 3.10484 0.0137834 -0.00833646
0.436224 -0.976259 0.0693794 3.13184 0.0137503 -0.0160247
0.436178 -0.91223 0.0682231 3.12608 0.0138837 -0.00150911
0.436162 -0.848034 0.0680343 3.08698 0.013858 0.00305159
0.436171 -0.784037 0.0650343 3.08742 0.0137859 0.000292029
0.439685 -0.783975 0.0639791 3.07506 0.013585 -0.00402208
0.439744 -0.84778 0.0669791 3.03583 0.0125173 -0.0222695
0.439689 -0.911863 0.0682833 3.05252 0.0131527 -0.0054773
0.439818 -0.975955 0.0692068 3.07088 0.0117921 -0.0449769
0.439708 -1.03988 0.0693729 3.05663 0.0134933 -0.0111321
0.439854 -1.10386 0.0723729 3.05151 0.0114935 -0.0558806
0.443447 -1.10385 0.0728525 3.04879 0.0102506 -0.0840138
0.443341 -1.03981 0.0698525 3.04194 0.0121321 -0.0518709
0.443454 -0.975771 0.0688643 3.03308 0.0104701 -0.0859577
0.44341 -0.911875 0.0683267 3.05431 0.0102265 -0.0729088
0.443495 -0.84769 0.0677967 3.01645 0.00983515 -0.0979565
0.443483 -0.78368 0.0647967 3.01457 0.0101424 -0.0944647
0.446964 -0.783669 0.0637258 3.01239 0.0106101 -0.0887163
0.447037 -0.847541 0.0667258 2.98593 0.00995262 -0.110062
0.446975 -0.911796 0.0683232 3.03783 0.00824748 -0.0923079
0.447002 -0.975654 0.0684618 3.009 0.00890917 -0.100135
0.446854 -1.0397 0.0699747 3.01853 0.0112718 -0.0555262
0.446912 -1.1038 0.072402 3.0386 0.00987991 -0.0733806
0.450468 -1.10389 0.0720012 3.05617 0.00856099 -0.0906708
0.450302 -1.03997 0.0703277 3.07375 0.00959289 -0.0398601
0.450391 -0.97573 0.0680744 3.0252 0.00880274 -0.0665275
0.450342 -0.911981 0.0683711 3.07595 0.00773918 -0.0522389
0.45042 -0.84782 0.0670119 3.04317 0.00732249 -0.0756523
0.450403 -0.783799 0.0640119 3.03912 0.0077339 -0.0703753
0.453892 -0.783811 0.063395 3.04161 0.00782063 -0.0670969
0.453913 -0.847731 0.066395 3.02536 0.00794329 -0.0732266
0.453917 -0.912061 0.0681761 3.09154 0.00560963 -0.0756636
0.453993 -0.975847 0.0677465 3.04788 0.00605843 -0.0979789
0.453791 -1.04004 0.0705655 3.08703 0.00596061 -0.0366031
0.4539 -1.10409 0.0715586 3.09704 0.00505069 -0.0703297
0.457501 -1.10415 0.0710514 3.10942 0.00412581 -0.101917
0.4573 -1.04034 0.0708641 3.1474 0.0020972 -0.039842
0.457339 -0.976101 0.0678641 3.09988 0.00274303 -0.0513727
0.457367 -0.912415 0.0679284 3.16248 0.00124737 -0.061327
0.457442 -0.848242 0.0662501 3.12739 0.00212834 -0.0840376
0.457428 -0.784168 0.0632501 3.11273 0.00279637 -0.0793547
0.460863 -0.784147 0.063017 3.10895 0.00328437 -0.0590708
0.460896 -0.848024 0.0660006 3.08416 0.00368648 -0.0689105
0.460916 -0.912342 0.067699 3.14756 0.00154545 -0.0764469
0.460946 -0.976187 0.0670051 3.1164 0.00258651 -0.0851853
0.460814 -1.04035 0.0700051 3.15013 0.0010131 -0.04429
0.460874 -1.10438 0.0708262 3.15489 0.00103472 -0.0634227
0.464357 -1.1044 0.0706705 3.15946 0.000843011 -0.0579004
0.464337 -1.04052 0.0713348 3.18393 5.25461e-06 -0.0521374
0.464274 -0.97647 0.0683348 3.17409 -5.87185e-05 -0.0319715
0.464287 -0.912717 0.0675559 3.22346 -0.000688343 -0.0367212
0.464294 -0.848516 0.0657961 3.18322 9.6368e-05 -0.0384826
0.464221 -0.784431 0.0630721 3.16634 0.000137094 -0.0152222
0.46773 -0.784429 0.0631308 3.16586 0.000174007 -0.0179686
0.467756 -0.848289 0.0655662 3.13778 0.000407151 -0.0257992
0.467729 -0.91249 0.0673514 3.1782 -0.000268185 -0.0177804
0.467657 -0.976506 0.0667056 3.1814 -0.00075319 0.00513354
0.467763 -1.04057 0.0697056 3.19427 0.00016979 -0.0286397
0.4677 -1.10453 0.0705587 3.18674 -0.000174539 -0.0084986
0.471213 -1.10444 0.0704186 3.1681 -4.09235e-05 -0.0125104
0.47134 -1.04048 0.0708573 3.17537 0.000602668 -0.0529762
0.47124 -0.976455 0.0678573 3.17113 0.000252558 -0.0210714
0.471151 -0.912627 0.0677298 3.20549 -0.00102281 0.00724526
0.471249 -0.848453 0.0654047 3.1707 -0.000683373 -0.023833
0.471271 -0.784394 0.0631015 3.15875 -0.000479498 -0.030691
0.474716 -0.784388 0.063266 3.15764 -0.000597983 -0.0135916
0.474839 -0.848266 0.0650272 3.13298 -0.000587425 -0.0520374
0.474693 -0.912429 0.0679568 3.16594 -0.00201266 -0.00632342
0.474612 -0.976364 0.0673372 3.15287 -0.00210849 0.0193014
0.474715 -1.0404 0.0703372 3.15933 -0.00176178 -0.0131999
0.474856 -1.10431 0.0700467 3.14196 -0.00162194 -0.0572983
0.478562 -1.10419 0.0696973 3.1163 -0.00167142 -0.121333
0.478508 -1.04026 0.0702727 3.13106 -0.00246819 -0.104908
0.478393 -0.976218 0.0676659 3.12288 -0.00165666 -0.068472
0.478255 -0.912317 0.0680352 3.14339 -0.0023938 -0.0255036
0.478374 -0.848231 0.0650352 3.12574 -0.00244746 -0.062697
0.478291 -0.784238 0.0631811 3.12747 -0.00230957 -0.0367825
0.481793 -0.784183 0.0631716 3.11655 -0.00210719 -0.0371123
0.481872 -0.848143 0.0643673 3.10802 -0.00235779 -0.0617084
0.481785 -0.912243 0.0673673 3.12861 -0.0028256 -0.0348298
0.481739 -0.976232 0.0677142 3.1265 -0.00267827 -0.0206123
0.481777 -1.04031 0.0701703 3.14252 -0.00285233 -0.0325061
0.481927 -1.10419 0.0691861 3.11654 -0.00298512 -0.0789385
0.485393 -1.10413 0.0689326 3.10436 -0.00229612 -0.0683052
0.485416 -1.04024 0.0699204 3.12622 -0.00312166 -0.0759692
0.485385 -0.976296 0.0677034 3.13862 -0.00358766 -0.0665427
0.485448 -0.912264 0.068181 3.13162 -0.0034494 -0.0860318
0.485381 -0.848234 0.065181 3.12628 -0.00304013 -0.065029
0.485366 -0.784192 0.0630043 3.1179 -0.00270298 -0.0601699
0.488856 -0.784144 0.0629838 3.10848 -0.00235681 -0.0567283
0.488726 -0.848133 0.0644082 3.1067 -0.00158608 -0.0162026
0.488783 -0.912078 0.0674082 3.09549 -0.00189698 -0.033824
0.488841 -0.976233 0.0674302 3.12638 -0.0025826 -0.0524487
0.488904 -1.04033 0.0696467 3.14514 -0.00306006 -0.0725842
0.488682 -1.10428 0.0691167 3.13534 -0.00244956 -0.00283553
0.491922 -1.10432 0.0698221 3.14339 -0.00258471 0.0790233
0.492083 -1.0404 0.0693163 3.16003 -0.00149949 0.0285816
0.4922 -0.976518 0.0670746 3.18366 -0.000388972 -0.0084105
0.492261 -0.91237 0.0676923 3.15395 -0.000142535 -0.0274705
0.4921 -0.848333 0.0647068 3.14667 -0.000172529 0.0231915
0.492199 -0.784255 0.0628659 3.13107 -0.000516749 -0.00814397
0.495735 -0.784169 0.0626964 3.11389 -0.000596912 -0.0191249
0.495573 -0.848145 0.0651394 3.1089 0.000270754 0.0313073
0.495567 -0.912053 0.0677477 3.09046 2.99434e-05 0.0329905
0.495701 -0.976223 0.0667648 3.12465 0.000241853 -0.00869797
0.495804 -1.04032 0.0689926 3.14408 0.000201627 -0.0409976
0.495523 -1.10442 0.0704677 3.16293 -0.00115228 0.0476107
0.498963 -1.10456 0.0701987 3.19166 -0.00095076 0.0672349
0.499105 -1.04058 0.0686065 3.19626 0.000428981 0.0217704
0.499201 -0.976623 0.0663827 3.20478 0.00149399 -0.00889857
0.499103 -0.912454 0.0677677 3.17084 0.00116954 0.0223871
0.498991 -0.848342 0.065526 3.1481 0.00078943 0.0574685
0.499015 -0.784233 0.0626986 3.12638 0.00010571 0.0496891
