0.525609 -0.0555979 0.269315 3.07638 -0.00757589 -0.295333
0.524328 0.00682391 0.269317 3.08897 -0.00900135 -0.281975
0.522766 0.0686244 0.269535 3.10618 -0.0110763 -0.265776
0.525983 0.0672668 0.269195 3.11608 -0.012383 -0.263431
0.526611 0.0029897 0.269125 3.11741 -0.0126903 -0.270695
0.527066 -0.0603463 0.268939 3.11224 -0.01207 -0.275403
0.530918 -0.0597351 0.268427 3.10754 -0.0114922 -0.278982
0.531219 0.00428565 0.268189 3.10708 -0.011505 -0.282357
0.531723 0.0673812 0.267974 3.11294 -0.0124817 -0.28865
0.536494 0.0668403 0.267242 3.11535 -0.0131258 -0.303422
0.537026 0.00335278 0.26702 3.11111 -0.0125958 -0.30908
0.536213 -0.0602934 0.267481 3.10955 -0.0121228 -0.299631
0.539403 -0.0606302 0.266889 3.11228 -0.0124693 -0.296361
0.540226 0.00375944 0.266336 3.10858 -0.0121218 -0.305399
0.540443 0.066977 0.266279 3.11386 -0.0130115 -0.308419
0.543898 0.0664082 0.26576 3.11794 -0.0136541 -0.308323
0.544848 0.00299056 0.265341 3.1127 -0.0130533 -0.31867
0.544506 -0.0608534 0.265588 3.11201 -0.0128483 -0.314677
0.54797 -0.0605108 0.265238 3.10963 -0.0124505 -0.314016
0.548552 0.00337073 0.264506 3.10977 -0.0126311 -0.3207
0.54878 0.0668082 0.264454 3.11346 -0.0133046 -0.323713
0.552696 0.0665811 0.263864 3.11455 -0.0135925 -0.328618
0.553291 0.00253135 0.263419 3.11416 -0.0136774 -0.335417
0.552615 -0.0608428 0.264314 3.11059 -0.0128639 -0.327245
0.555356 -0.0607811 0.263797 3.11108 -0.0127373 -0.318585
0.555588 0.00234887 0.26292 3.11694 -0.0137624 -0.321884
0.555847 0.0662676 0.262988 3.1172 -0.0138666 -0.324885
0.558557 0.0654655 0.262602 3.12381 -0.0148253 -0.316523
0.559045 0.000952552 0.262203 3.12685 -0.0154122 -0.322473
0.558436 -0.0628514 0.263242 3.1262 -0.0151885 -0.315386
0.562431 -0.0627696 0.262464 3.12503 -0.0150883 -0.320963
0.562499 0.00100999 0.261452 3.1265 -0.0153472 -0.321905
0.562092 0.0643599 0.261566 3.13158 -0.0161369 -0.317773
0.566172 0.0638609 0.261 3.1344 -0.0166832 -0.324806
0.566095 0.0001065 0.260675 3.13276 -0.0163937 -0.323723
0.566846 -0.0635292 0.261053 3.12927 -0.0159281 -0.332005
0.570576 -0.0628425 0.260598 3.12414 -0.0150872 -0.334081
0.570763 0.00130742 0.25965 3.12285 -0.0149018 -0.336089
0.57179 0.0644732 0.259379 3.12741 -0.0158899 -0.348517
0.576805 0.0641682 0.258437 3.12752 -0.0161983 -0.366151
0.576948 0.000937706 0.258194 3.12192 -0.0151624 -0.367105
0.576306 -0.0623674 0.258884 3.11791 -0.0142259 -0.359146
0.579329 -0.0616962 0.258702 3.11382 -0.0133291 -0.35314
0.579512 0.00301322 0.257619 3.10858 -0.0124253 -0.35463
0.581096 0.0668498 0.257208 3.10755 -0.0127243 -0.372838
0.58653 0.0672572 0.256117 3.10188 -0.0123086 -0.394571
0.586355 0.00395608 0.255915 3.09723 -0.0112882 -0.391942
0.58527 -0.059767 0.25731 3.09687 -0.0107744 -0.379329
0.588103 -0.0598852 0.256519 3.09865 -0.0108673 -0.371836
0.588481 0.00422945 0.255377 3.09731 -0.0107539 -0.376039
0.590396 0.0681945 0.254307 3.09474 -0.0110113 -0.39791
0.595686 0.0677218 0.252889 3.09528 -0.0118568 -0.418821
0.595453 0.00358715 0.253534 3.09659 -0.0120425 -0.416279
0.593865 -0.0604082 0.255285 3.09902 -0.0119033 -0.398098
0.596431 -0.060701 0.254502 3.10247 -0.0122606 -0.387684
0.596852 0.00266154 0.253219 3.10632 -0.013182 -0.393082
0.598327 0.0662453 0.25204 3.107 -0.0138232 -0.41039
0.602052 0.0654847 0.250926 3.11198 -0.0149631 -0.413714
0.600635 0.000643618 0.252412 3.12004 -0.0162892 -0.398224
0.600231 -0.0626379 0.253294 3.11561 -0.0152454 -0.392899
0.603767 -0.0624664 0.25305 3.11435 -0.0149989 -0.393154
0.602559 1.46741e-05 0.251952 3.12677 -0.0172654 -0.380695
0.603111 0.0635395 0.250722 3.12931 -0.0178852 -0.387499
0.606389 0.0633956 0.249741 3.13064 -0.0181098 -0.385085
0.605531 -0.000595761 0.251189 3.1318 -0.0181728 -0.37519
0.605995 -0.0637334 0.251925 3.12509 -0.0169603 -0.379726
0.60944 -0.0624212 0.251637 3.11595 -0.0151355 -0.377884
0.608813 0.00138829 0.250453 3.11817 -0.0154029 -0.370874
0.60848 0.0654281 0.249174 3.11836 -0.0153502 -0.367028
0.613165 0.0657849 0.248551 3.11417 -0.0148835 -0.380279
0.613965 0.00196429 0.249258 3.11175 -0.0146484 -0.389279
0.61345 -0.0607115 0.250096 3.1032 -0.0127314 -0.38219
0.616887 -0.0598195 0.249815 3.09702 -0.0114834 -0.380693
0.618151 0.00411405 0.247997 3.09563 -0.011709 -0.395172
0.620078 0.0680133 0.245928 3.09335 -0.0120497 -0.417297
0.625945 0.0679601 0.244055 3.08982 -0.0123656 -0.444511
0.626512 0.00379424 0.245574 3.09001 -0.0126855 -0.451202
0.625666 -0.0598768 0.247401 3.08915 -0.0120579 -0.441135
